Ontology-ID	Ontology Name	Ontology Type	Number Changed	Number Measured	Number in Ontology	Percent Changed	Percent Present	Z Score	PermuteP	AdjustedP	redundant with terms	inverse redundant	gene symbols
GO:0005975	carbohydrate metabolic process	biological_process	13	368	368	3.53260869565	100.0	6.35357692998	0.0	0.0963333333333	 	 	LOCMI04845|LOCMI04846|LOCMI04906|LOCMI05488|LOCMI05531|LOCMI08867|LOCMI08869|LOCMI11184|LOCMI11717|LOCMI12795|LOCMI13444|LOCMI13445|LOCMI13463
GO:0005198	structural molecule activity	molecular_function	11	337	337	3.26409495549	100.0	5.4837578831	0.0005	0.0963333333333	 	 	LOCMI05383|LOCMI15346|LOCMI16602|LOCMI16610|LOCMI16622|LOCMI16632|LOCMI16739|LOCMI16781|LOCMI16847|LOCMI17132|LOCMI17141
GO:0008234	cysteine-type peptidase activity	molecular_function	3	48	48	6.25	100.0	4.44491404875	0.006	0.3468	 	 	LOCMI03132|LOCMI04479|LOCMI08259
