gSetID	gSetDes	Pvalue	AdjustedPv	x	y	n	N	EnrichDirect	GeneIDs
GO:0005975	carbohydrate metabolic process	1.109820014005e-05	0.00125409661582565	13	368	67	7831	Over	LOCMI04846,LOCMI13444,LOCMI12795,LOCMI13463,LOCMI08869,LOCMI11717,LOCMI08867,LOCMI05531,LOCMI05488,LOCMI11184,LOCMI04906,LOCMI04845,LOCMI13445
GO:0005198	structural molecule activity	0.000117428279845897	0.00663469781129315	11	337	67	7831	Over	LOCMI17141,LOCMI16632,LOCMI16610,LOCMI16847,LOCMI16781,LOCMI16602,LOCMI17132,LOCMI16622,LOCMI05383,LOCMI15346,LOCMI16739
GO:0008234	cysteine-type peptidase activity	0.000717602283203436	0.0270296860006627	4	48	67	7831	Over	LOCMI08261,LOCMI03132,LOCMI08259,LOCMI04479
