gSetID	gSetDes	Pvalue	AdjustedPv	x	y	n	N	EnrichDirect	GeneIDs
GO:0005198	structural molecule activity	3.19239688757606e-05	0.00411819198497312	12	337	69	7831	Over	LOCMI04505,LOCMI16769,LOCMI16714,LOCMI16781,LOCMI01688,LOCMI07701,LOCMI17139,LOCMI05256,LOCMI10353,LOCMI02963,LOCMI16617,LOCMI14937
map00190	Oxidative phosphorylation	0.000260059906005672	0.0167738639373658	6	102	69	7831	Over	LOCMI16049,LOCMI06328,LOCMI15980,LOCMI15775,LOCMI16008,LOCMI16094
GO:0030130	clathrin coat of trans-Golgi network vesicle	0.000752192610772341	0.024258211697408	2	5	69	7831	Over	LOCMI05256,LOCMI14937
GO:0030132	clathrin coat of coated pit	0.000752192610772341	0.024258211697408	2	5	69	7831	Over	LOCMI05256,LOCMI14937
GO:0030118	clathrin coat	0.00112186373587096	0.0289440843854707	2	6	69	7831	Over	LOCMI05256,LOCMI14937
